document 0.007800 -0.003315 0.002334 0.002554 -0.002513 0.004535 -0.003397 0.003135 -0.000569 -0.008094 0.009328 0.006340 -0.002393 -0.000755 -0.008063 -0.003121 0.004435 0.000058 -0.009574 0.003055 -0.000117 -0.002557 -0.003193 0.005755 0.007068 0.003656 0.009621 -0.007525 -0.000071 -0.005158 -0.004329 -0.006410 -0.005646 0.002124 0.008731 0.007472 -0.009444 -0.005018 -0.004767 0.006095 -0.008437 -0.006852 0.001802 -0.006619 0.000340 0.009237 -0.005015 0.004842 -0.003614 -0.004106
comprises 0.005190 0.003247 -0.007602 0.001741 0.008117 -0.009752 -0.000742 -0.009916 0.006003 -0.006994 0.001316 -0.009475 -0.003673 -0.008321 -0.009820 0.007529 0.004286 -0.006021 -0.004476 0.009612 -0.004609 0.009896 0.004738 -0.008415 -0.008289 -0.005316 -0.003145 0.007991 0.009872 0.006785 0.000729 -0.002668 -0.009683 -0.002931 -0.003297 -0.003332 -0.000590 0.001111 0.000831 0.001831 -0.001365 0.007166 0.001234 -0.000231 0.008424 -0.000892 -0.002730 0.006415 0.008111 0.005783
few -0.001261 0.000363 0.003331 -0.003417 -0.001661 -0.006527 0.003491 -0.002724 -0.004333 -0.004374 0.007243 0.008156 -0.006298 -0.001043 0.009655 -0.002749 -0.002915 -0.006887 0.005454 0.001796 -0.009591 -0.008452 -0.005746 0.004515 -0.002183 0.002557 -0.001435 -0.006140 -0.004881 0.001927 0.003026 -0.004226 -0.007258 -0.005625 -0.001824 -0.004812 -0.004525 0.006910 -0.002462 -0.008274 -0.006736 -0.001142 -0.007074 -0.004007 0.006274 0.000461 -0.000386 -0.009655 -0.003058 0.004819
sentences 0.003771 0.005726 0.008829 0.008850 0.001347 0.009250 -0.007238 0.005345 0.000955 -0.004167 -0.008461 -0.007207 0.001408 -0.005681 0.009499 -0.002205 0.000968 0.008993 -0.007592 -0.001972 0.003256 0.000022 -0.004347 0.005418 -0.001789 0.007052 -0.007350 -0.006772 -0.006891 -0.001400 -0.008989 0.008250 -0.008668 0.000840 0.004457 -0.009461 -0.000145 -0.003996 -0.000392 0.000035 -0.009608 0.002762 -0.001482 0.001932 0.003640 -0.001165 -0.009839 -0.009196 -0.008726 -0.000482
may -0.007548 0.002476 -0.001215 -0.004812 -0.000900 -0.008748 0.004504 0.000755 0.008595 -0.007848 -0.002374 0.004451 0.003257 0.008967 -0.004638 -0.009055 0.005831 -0.002261 0.008354 -0.004639 0.005272 -0.001163 -0.000133 -0.006144 -0.006948 0.003091 -0.002799 0.005926 -0.000571 -0.003951 0.002534 0.008824 -0.002641 -0.003969 -0.003444 -0.003565 0.000697 -0.001158 0.004955 0.002415 0.002861 0.004835 0.005219 -0.009431 0.002323 -0.007507 0.009157 -0.005772 0.002080 -0.003243
separarated 0.003361 0.008072 0.000731 -0.007490 -0.001330 -0.002229 0.008354 -0.004847 0.007753 0.008580 -0.001709 0.003442 0.002321 0.000898 0.004472 0.004124 0.003847 -0.006898 0.000179 -0.008533 -0.007593 0.003206 -0.002459 0.009081 0.008920 -0.001368 -0.008577 -0.000296 0.005207 -0.004791 -0.004755 0.008230 -0.009769 -0.001252 0.008034 0.005779 -0.004598 0.000355 -0.005625 0.000759 -0.002957 0.000106 -0.008094 -0.003381 0.009876 0.002787 0.004622 0.005410 0.001849 0.004130
line 0.005250 -0.005236 -0.002286 -0.004847 -0.003770 0.001883 0.004117 0.008674 -0.005802 0.004973 -0.003246 -0.003684 -0.002223 0.000620 0.000670 0.007809 -0.000384 0.007754 0.003004 0.005374 -0.006926 0.002964 -0.005997 -0.000475 0.008161 -0.008260 0.000383 -0.001820 0.006783 0.009443 -0.000451 0.004824 -0.003073 -0.001341 0.000552 -0.005344 -0.004434 0.008004 0.005654 0.006396 0.000899 0.001572 0.004978 -0.008181 0.005928 -0.002090 0.005966 0.005129 -0.002537 -0.007282
breaks 0.007437 0.006647 0.005137 -0.007013 0.000188 0.004374 0.001377 -0.007195 0.006639 -0.002354 -0.004621 -0.003459 -0.001965 -0.008603 0.006991 0.005094 0.002460 0.005976 0.005503 -0.004432 -0.003632 0.001911 -0.004098 0.008368 -0.000179 -0.007167 -0.003148 0.002627 -0.008227 0.008640 0.000516 -0.008144 0.006899 0.004481 0.007290 -0.004539 0.001307 -0.009799 0.002153 0.001172 0.000848 -0.000408 0.003576 0.008449 -0.007157 0.009133 -0.009213 -0.006426 0.009671 -0.008127
another -0.006172 0.006097 0.001456 0.007809 -0.009830 0.001442 0.005670 -0.007808 -0.002756 -0.007944 0.002572 0.002005 0.003131 0.006430 0.007624 -0.001235 -0.009577 0.001251 -0.004043 0.004780 -0.007575 0.008798 -0.009278 0.009005 -0.008241 -0.000277 0.009619 0.006609 -0.005399 0.007251 0.001905 0.005863 -0.005414 -0.007098 -0.003207 -0.009620 0.001833 -0.006441 0.003420 -0.005280 -0.005383 -0.004953 -0.007625 -0.002947 -0.006150 0.008306 0.009318 -0.006182 0.003887 0.000875
mentioning -0.002290 -0.009192 0.005603 0.004132 0.009351 -0.006689 0.004736 -0.000815 -0.000196 0.009203 0.007657 0.001414 -0.008574 -0.009324 0.000924 0.006901 -0.001779 0.003212 -0.001760 0.001985 -0.000005 -0.008230 -0.008453 0.001160 0.007470 -0.004771 0.009405 -0.004990 -0.000887 -0.005309 -0.002199 0.009158 0.006853 -0.004095 -0.007238 0.000249 0.004917 0.006459 -0.000990 -0.004416 -0.006302 -0.005702 0.004387 -0.000643 0.008842 0.005746 0.005888 0.000269 0.004711 -0.001626
term -0.009693 -0.008199 -0.002368 -0.000138 0.004048 -0.005443 0.002607 -0.000104 -0.003960 0.007647 -0.001607 0.002305 0.003317 0.000980 0.000657 -0.005737 -0.000308 0.009977 -0.006936 0.004089 -0.004773 0.005304 -0.003859 0.005884 -0.009286 0.000031 -0.009164 0.002117 0.006051 -0.005036 -0.004612 -0.001868 -0.006513 -0.001769 -0.006048 -0.001811 -0.000671 -0.003807 0.005935 0.003922 -0.008939 -0.000723 0.006095 0.002998 0.000711 -0.001404 -0.002797 -0.001734 0.009869 0.007005
'sentences 0.007465 -0.007579 0.008310 0.002385 -0.003450 0.002319 0.009165 0.006240 -0.006768 0.004057 0.006263 0.004673 0.007967 0.004782 0.003760 -0.006350 0.009200 -0.005882 -0.008475 0.002260 -0.009780 -0.003521 -0.008189 -0.004150 -0.003815 -0.003166 0.001980 -0.002777 -0.001013 -0.008509 -0.004048 -0.001504 -0.004714 -0.008576 -0.007450 0.002446 -0.008618 0.007223 -0.004983 -0.005875 0.007464 -0.008007 -0.007284 0.000979 0.003378 -0.008685 -0.006599 -0.007095 -0.001801 0.007877
However 0.005922 -0.001305 -0.001753 0.006223 0.004835 -0.005520 -0.001736 -0.005351 -0.005344 -0.003238 0.000797 0.006109 0.008004 0.004845 0.009652 0.008914 -0.003972 0.003341 0.005387 -0.008978 0.000056 -0.004091 0.005487 0.006096 -0.004696 0.006033 -0.008501 -0.009422 -0.006275 0.002794 -0.009520 0.008610 -0.003655 0.006239 0.009285 -0.001502 0.009382 0.009080 0.001910 0.006976 0.002989 -0.000635 0.002493 0.005639 -0.003381 0.002156 -0.000437 0.007692 0.000854 -0.002629
topic 0.003272 0.002393 0.007648 0.009694 0.006119 0.006541 -0.001346 0.009088 0.008229 -0.001031 -0.004077 -0.003155 0.001660 0.005322 0.008468 -0.000534 -0.009059 -0.009596 0.001496 0.002008 0.002860 -0.002281 -0.007934 0.009795 -0.007406 -0.002246 0.007756 0.007558 0.003245 0.005027 0.001067 0.002683 -0.005196 0.001154 0.009006 0.006772 -0.001917 0.003995 -0.005322 -0.007133 0.009374 -0.008572 0.005680 0.004454 0.002332 0.002349 -0.007277 0.006763 -0.004919 -0.002780
modelling -0.005950 0.009687 0.003873 -0.000097 0.000121 -0.006944 -0.001338 -0.006517 -0.001680 -0.008819 -0.001301 0.006264 0.002031 0.002878 -0.006400 0.004870 0.004922 0.000885 -0.003644 -0.001368 -0.001177 -0.007325 -0.006684 -0.006384 -0.009800 -0.009503 -0.005938 0.004559 -0.007075 0.008323 -0.000163 0.006902 0.009647 0.001288 -0.008425 0.009211 0.009191 0.006575 -0.008461 0.000102 0.003253 -0.006132 -0.003772 -0.006867 0.002058 0.008134 -0.007591 -0.001826 0.005724 0.007872
amount 0.008267 0.000536 0.005741 -0.002090 0.002452 -0.002618 0.007962 -0.003157 0.000862 0.005772 0.003774 -0.003795 0.008907 -0.004260 -0.002454 -0.002462 -0.003496 0.002132 0.001119 -0.007002 -0.008802 -0.001091 0.004495 0.007904 -0.004265 -0.007464 -0.000280 -0.003614 -0.000924 0.005479 0.003193 -0.006560 0.000034 -0.000737 0.009664 -0.004574 -0.006512 -0.009342 0.009765 0.005468 0.000586 0.004233 -0.007828 0.000230 -0.003617 -0.000117 -0.008644 -0.009822 0.001023 -0.005132
data 0.008301 -0.003253 0.000872 0.009062 0.008747 -0.008076 0.007743 0.003117 -0.007305 0.000769 -0.004463 0.000768 0.000074 -0.006824 -0.000728 -0.008468 -0.003833 -0.007964 0.007118 0.001982 0.004950 -0.004394 -0.003674 -0.001810 0.001990 0.008855 0.007683 -0.008191 -0.002216 0.003729 -0.009042 -0.000181 0.008228 0.007362 0.007415 0.007348 -0.004663 0.001939 -0.000292 -0.001979 0.008379 -0.009701 -0.005668 0.006903 0.003266 -0.002738 0.007290 -0.002595 0.006345 -0.001703
does 0.005214 -0.009894 -0.004648 0.007255 -0.004065 -0.009862 -0.005803 -0.002779 -0.007499 0.004613 0.004150 0.007365 -0.003976 -0.001693 0.006199 0.006142 0.003944 0.002238 0.007550 0.005698 0.007034 0.006654 -0.003925 0.006400 -0.004077 0.003550 0.006314 -0.008511 0.000542 0.003181 -0.002683 -0.005761 0.007337 0.008787 0.001876 -0.009964 0.001132 -0.000953 -0.003476 -0.008574 0.001196 -0.001256 0.002190 0.005455 0.004388 -0.005287 -0.003484 0.009514 -0.007846 -0.003659
make -0.003648 -0.003908 0.003608 -0.003718 0.008465 -0.008716 -0.000484 0.008684 -0.007261 -0.001033 -0.008476 -0.000601 -0.005315 0.008059 -0.005615 0.004170 -0.000305 0.006975 0.002033 0.008461 -0.003778 0.003425 -0.006754 0.002678 -0.001065 -0.004471 0.005169 -0.009419 -0.001597 -0.001061 0.003484 -0.008738 0.000906 -0.005069 0.002806 -0.004296 -0.000339 -0.009550 0.006433 -0.004778 -0.002958 -0.007379 0.000651 -0.009039 -0.003704 -0.002518 -0.004448 0.001164 0.000814 -0.004495
much 0.002544 -0.006661 0.000641 -0.003573 -0.005606 -0.000775 -0.000609 -0.004974 -0.000331 -0.007355 -0.001210 -0.002790 -0.008897 0.005674 -0.003404 -0.003254 0.004417 0.005949 0.007504 0.009873 0.009909 -0.001313 0.002722 -0.008118 0.000578 -0.006278 -0.007339 0.007149 -0.002876 -0.001957 -0.009404 -0.003372 0.002800 -0.004751 0.005599 -0.001946 -0.005562 -0.000083 -0.005806 0.001006 0.009852 0.007104 -0.008107 0.001514 0.006420 -0.004986 0.008159 -0.000975 0.000765 0.002350
sense -0.004764 0.004406 -0.001395 0.000149 0.008850 -0.002456 0.006565 -0.001768 -0.008156 0.006266 0.007923 0.000855 -0.009100 -0.006603 -0.000301 0.009025 0.005516 0.007453 0.001275 -0.008196 -0.009440 0.007148 -0.008770 -0.007426 0.003672 0.007159 -0.002901 0.006869 0.002229 -0.002974 0.005605 0.005007 0.002893 0.006668 -0.002992 -0.005370 0.005695 -0.000803 -0.006041 -0.004177 -0.005871 0.004523 -0.007369 -0.005435 -0.007045 0.005744 -0.008149 0.009092 -0.003849 -0.005648
purely -0.008422 0.009310 -0.004783 0.006920 -0.009230 0.004832 0.006045 0.009575 -0.003601 -0.005509 -0.003079 -0.004240 -0.004077 0.005793 -0.009827 -0.005745 0.009140 -0.003552 -0.009927 -0.004193 0.005211 -0.007853 -0.008446 -0.009285 -0.009780 -0.005045 0.001828 -0.005445 0.004974 0.001259 -0.007208 -0.009881 -0.003267 -0.009568 0.003799 0.006194 -0.006940 -0.006835 0.006808 0.001929 -0.008799 0.001940 0.008842 0.009312 0.002168 0.005132 0.000343 0.005687 -0.004844 -0.009014
intended -0.001197 -0.000081 -0.007394 0.004217 0.002659 -0.003813 0.009361 -0.009404 0.006968 0.000498 0.000302 -0.009520 0.005633 -0.002407 0.009512 0.007475 0.008483 -0.008636 -0.007519 0.004910 -0.002111 0.002778 -0.006776 0.005309 0.004553 -0.008451 0.000076 -0.006353 0.007850 0.003185 0.009001 -0.007045 0.005672 0.005844 -0.009404 0.004014 -0.001148 0.009921 -0.005014 -0.000390 -0.003887 -0.002658 -0.002617 -0.001734 0.006843 0.007265 0.006363 -0.007663 -0.008893 -0.009784
provide 0.008133 0.000448 0.001932 0.009157 0.002718 -0.000167 -0.007416 0.001146 0.007313 0.005825 0.004669 -0.005472 -0.001380 -0.005939 0.009928 0.004496 -0.001622 -0.006918 0.001450 -0.006269 -0.003136 -0.008979 0.008222 0.008872 -0.007166 -0.006435 -0.004440 -0.003872 -0.008427 -0.006870 -0.008161 -0.009306 -0.002143 -0.007398 -0.005093 0.008469 -0.003526 -0.003895 -0.004787 -0.002097 0.009355 -0.006027 0.006889 -0.005134 -0.004594 0.009407 0.002899 0.004059 -0.003167 0.000271
little -0.006974 -0.002811 -0.008524 0.003437 -0.006155 0.001182 -0.004154 -0.000799 0.000454 0.007785 -0.007287 -0.006346 -0.004963 0.006579 -0.005016 -0.003153 0.003566 0.009936 -0.001589 -0.008475 -0.003687 0.004441 0.005754 0.001887 -0.003666 0.006167 0.001073 -0.002838 0.004446 -0.006392 0.006783 -0.003566 0.000050 -0.003778 -0.005311 0.005528 0.008586 0.006200 -0.008521 -0.003182 -0.001580 -0.003564 -0.001000 -0.001561 0.002674 0.008614 0.000153 -0.009340 -0.005195 0.001918
examplification -0.003278 -0.000970 0.003891 0.002983 0.004825 -0.009219 0.000675 0.001538 -0.005389 0.006379 -0.001751 -0.000035 -0.007201 -0.008516 0.009650 0.008996 0.000686 0.003470 0.001008 -0.005970 0.005290 -0.003430 -0.008734 0.007272 0.009814 -0.000946 -0.001038 -0.008675 0.009503 0.005825 0.001528 -0.001958 0.005399 -0.005465 -0.003200 0.001425 -0.004498 0.003650 -0.008730 -0.005941 -0.009402 0.006866 0.005150 0.002788 -0.009773 -0.000158 0.000366 0.001265 0.003275 0.002418
hope -0.000111 0.009396 0.001916 0.003123 0.005420 -0.002732 0.005730 0.009385 0.004243 -0.007060 0.009758 0.004927 -0.001939 0.006125 0.009772 -0.009559 0.002354 0.001331 0.002569 0.001872 0.005805 0.004317 -0.008417 0.008449 0.005922 -0.004971 0.004804 0.000400 -0.004941 -0.004405 0.003897 -0.006879 -0.006904 0.007294 -0.006711 0.000239 0.005715 0.001323 -0.001501 0.009256 -0.009488 0.004845 -0.005942 -0.009634 -0.002900 0.005930 0.003156 0.001566 -0.008078 0.008896
helps 0.000544 0.009990 0.001101 -0.009880 -0.000825 -0.008190 -0.008630 0.008802 0.007185 0.003719 0.000389 0.004554 -0.006177 -0.007278 -0.007941 -0.007848 -0.004403 0.005820 0.003202 -0.004182 0.006377 0.009580 0.000447 0.002707 -0.008329 0.007554 -0.001438 0.006512 0.000035 0.004920 -0.006771 -0.003429 0.002289 -0.004337 -0.003262 0.004139 0.007486 -0.000787 -0.008811 0.009391 0.003509 -0.009347 -0.009472 0.000240 0.009750 -0.008549 -0.009878 -0.002817 0.009448 -0.003883
